For q =  4 n =  4 Weights and m : [ 1.  4. 13. 40.] 121.0
For Queterenary: 
N = 4, q = 4, s = 1, Codeword total = 256, Max number of codewords = 5
============================================================================
For q =  2 n =  8 Weights and m : [ 1.  2.  4.  7. 12. 20. 33. 54.] 88.0
For Binary: 
N = 8, q = 2, s = 2, Codeword total = 256, Max number of codewords = 5
============================================================================
a = 40.0 , a' = 12.0, (0, 0, 0, 1) = (1, 1, 1, 1, 1, 1, 0, 1) qary --> binary (1, 1, 1, 1, 1, 1, 0, 1) in (0, 0, 0, 1)
a = 40.0 , a' = 12.0, (1, 0, 3, 0) = (0, 1, 1, 1, 0, 0, 1, 1) qary --> binary (0, 1, 1, 1, 0, 0, 1, 1) in (1, 0, 3, 0)
a = 40.0 , a' = 12.0, (2, 0, 3, 3) = (1, 0, 1, 1, 0, 0, 0, 0) qary --> binary (1, 0, 1, 1, 0, 0, 0, 0) in (2, 0, 3, 3)
a = 40.0 , a' = 12.0, (2, 3, 2, 0) = (1, 0, 0, 0, 1, 0, 1, 1) qary --> binary (1, 0, 0, 0, 1, 0, 1, 1) in (2, 3, 2, 0)
a = 40.0 , a' = 12.0, (3, 3, 2, 3) = (0, 0, 0, 0, 1, 0, 0, 0) qary --> binary (0, 0, 0, 0, 1, 0, 0, 0) in (3, 3, 2, 3)
a = 13.0 , a' = 33.0, (0, 0, 1, 0) = (1, 1, 1, 1, 0, 1, 1, 1) qary --> binary (1, 1, 1, 1, 0, 1, 1, 1) in (0, 0, 1, 0)
a = 13.0 , a' = 33.0, (1, 0, 1, 3) = (0, 1, 1, 1, 0, 1, 0, 0) qary --> binary (0, 1, 1, 1, 0, 1, 0, 0) in (1, 0, 1, 3)
a = 13.0 , a' = 33.0, (1, 3, 0, 0) = (0, 1, 0, 0, 1, 1, 1, 1) qary --> binary (0, 1, 0, 0, 1, 1, 1, 1) in (1, 3, 0, 0)
a = 13.0 , a' = 33.0, (2, 3, 0, 3) = (1, 0, 0, 0, 1, 1, 0, 0) qary --> binary (1, 0, 0, 0, 1, 1, 0, 0) in (2, 3, 0, 3)
a = 13.0 , a' = 33.0, (3, 3, 3, 2) = (0, 0, 0, 0, 0, 0, 1, 0) qary --> binary (0, 0, 0, 0, 0, 0, 1, 0) in (3, 3, 3, 2)
============================================================================





For q =  4 n =  5 Weights and m : [  1.   4.  13.  40. 121.] 364.0
For Queterenary: 
N = 5, q = 4, s = 1, Codeword total = 1024, Max number of codewords = 7
============================================================================
For q =  2 n =  10 Weights and m : [  1.   2.   4.   7.  12.  20.  33.  54.  88. 143.] 232.0
For Binary: 
N = 10, q = 2, s = 2, Codeword total = 1024, Max number of codewords = 8
============================================================================
a = 40.0 , a' = 99.0, (0, 0, 0, 1, 0) = (1, 1, 1, 1, 1, 1, 0, 1, 1, 1) qary --> binary (1, 1, 1, 1, 1, 1, 0, 1, 1, 1) in (0, 0, 0, 1, 0)
a = 40.0 , a' = 99.0, (1, 0, 0, 1, 3) = (0, 1, 1, 1, 1, 1, 0, 1, 0, 0) qary --> binary (0, 1, 1, 1, 1, 1, 0, 1, 0, 0) in (1, 0, 0, 1, 3)
a = 40.0 , a' = 99.0, (1, 0, 3, 0, 0) = (0, 1, 1, 1, 0, 0, 1, 1, 1, 1) qary --> binary (0, 1, 1, 1, 0, 0, 1, 1, 1, 1) in (1, 0, 3, 0, 0)
a = 40.0 , a' = 99.0, (2, 0, 3, 0, 3) = (1, 0, 1, 1, 0, 0, 1, 1, 0, 0) qary --> binary (1, 0, 1, 1, 0, 0, 1, 1, 0, 0) in (2, 0, 3, 0, 3)
a = 40.0 , a' = 99.0, (2, 3, 2, 0, 0) = (1, 0, 0, 0, 1, 0, 1, 1, 1, 1) qary --> binary (1, 0, 0, 0, 1, 0, 1, 1, 1, 1) in (2, 3, 2, 0, 0)
a = 40.0 , a' = 99.0, (3, 0, 3, 3, 2) = (0, 0, 1, 1, 0, 0, 0, 0, 1, 0) qary --> binary (0, 0, 1, 1, 0, 0, 0, 0, 1, 0) in (3, 0, 3, 3, 2)
a = 40.0 , a' = 99.0, (3, 3, 2, 0, 3) = (0, 0, 0, 0, 1, 0, 1, 1, 0, 0) qary --> binary (0, 0, 0, 0, 1, 0, 1, 1, 0, 0) in (3, 3, 2, 0, 3)
a = 39.0 , a' = 100.0, (0, 0, 0, 1, 3) = (1, 1, 1, 1, 1, 1, 0, 1, 0, 0) qary --> binary (1, 1, 1, 1, 1, 1, 0, 1, 0, 0) in (0, 0, 0, 1, 3)
a = 39.0 , a' = 100.0, (0, 0, 3, 0, 0) = (1, 1, 1, 1, 0, 0, 1, 1, 1, 1) qary --> binary (1, 1, 1, 1, 0, 0, 1, 1, 1, 1) in (0, 0, 3, 0, 0)
a = 39.0 , a' = 100.0, (1, 0, 3, 0, 3) = (0, 1, 1, 1, 0, 0, 1, 1, 0, 0) qary --> binary (0, 1, 1, 1, 0, 0, 1, 1, 0, 0) in (1, 0, 3, 0, 3)
a = 39.0 , a' = 100.0, (1, 3, 2, 0, 0) = (0, 1, 0, 0, 1, 0, 1, 1, 1, 1) qary --> binary (0, 1, 0, 0, 1, 0, 1, 1, 1, 1) in (1, 3, 2, 0, 0)
a = 39.0 , a' = 100.0, (2, 0, 3, 3, 2) = (1, 0, 1, 1, 0, 0, 0, 0, 1, 0) qary --> binary (1, 0, 1, 1, 0, 0, 0, 0, 1, 0) in (2, 0, 3, 3, 2)
a = 39.0 , a' = 100.0, (2, 3, 2, 0, 3) = (1, 0, 0, 0, 1, 0, 1, 1, 0, 0) qary --> binary (1, 0, 0, 0, 1, 0, 1, 1, 0, 0) in (2, 3, 2, 0, 3)
a = 39.0 , a' = 100.0, (3, 3, 2, 3, 2) = (0, 0, 0, 0, 1, 0, 0, 0, 1, 0) qary --> binary (0, 0, 0, 0, 1, 0, 0, 0, 1, 0) in (3, 3, 2, 3, 2)
a = 134.0 , a' = 32.0, (0, 0, 1, 0, 1) = (1, 1, 1, 1, 0, 1, 1, 1, 0, 1) qary --> binary (1, 1, 1, 1, 0, 1, 1, 1, 0, 1) in (0, 0, 1, 0, 1)
a = 134.0 , a' = 32.0, (1, 0, 1, 3, 0) = (0, 1, 1, 1, 0, 1, 0, 0, 1, 1) qary --> binary (0, 1, 1, 1, 0, 1, 0, 0, 1, 1) in (1, 0, 1, 3, 0)
a = 134.0 , a' = 32.0, (1, 3, 0, 0, 1) = (0, 1, 0, 0, 1, 1, 1, 1, 0, 1) qary --> binary (0, 1, 0, 0, 1, 1, 1, 1, 0, 1) in (1, 3, 0, 0, 1)
a = 134.0 , a' = 32.0, (2, 0, 1, 3, 3) = (1, 0, 1, 1, 0, 1, 0, 0, 0, 0) qary --> binary (1, 0, 1, 1, 0, 1, 0, 0, 0, 0) in (2, 0, 1, 3, 3)
a = 134.0 , a' = 32.0, (2, 3, 0, 3, 0) = (1, 0, 0, 0, 1, 1, 0, 0, 1, 1) qary --> binary (1, 0, 0, 0, 1, 1, 0, 0, 1, 1) in (2, 3, 0, 3, 0)
a = 134.0 , a' = 32.0, (3, 3, 0, 3, 3) = (0, 0, 0, 0, 1, 1, 0, 0, 0, 0) qary --> binary (0, 0, 0, 0, 1, 1, 0, 0, 0, 0) in (3, 3, 0, 3, 3)
a = 134.0 , a' = 32.0, (3, 3, 3, 2, 0) = (0, 0, 0, 0, 0, 0, 1, 0, 1, 1) qary --> binary (0, 0, 0, 0, 0, 0, 1, 0, 1, 1) in (3, 3, 3, 2, 0)
a = 133.0 , a' = 33.0, (0, 0, 1, 3, 0) = (1, 1, 1, 1, 0, 1, 0, 0, 1, 1) qary --> binary (1, 1, 1, 1, 0, 1, 0, 0, 1, 1) in (0, 0, 1, 3, 0)
a = 133.0 , a' = 33.0, (0, 3, 0, 0, 1) = (1, 1, 0, 0, 1, 1, 1, 1, 0, 1) qary --> binary (1, 1, 0, 0, 1, 1, 1, 1, 0, 1) in (0, 3, 0, 0, 1)
a = 133.0 , a' = 33.0, (1, 0, 1, 3, 3) = (0, 1, 1, 1, 0, 1, 0, 0, 0, 0) qary --> binary (0, 1, 1, 1, 0, 1, 0, 0, 0, 0) in (1, 0, 1, 3, 3)
a = 133.0 , a' = 33.0, (1, 3, 0, 3, 0) = (0, 1, 0, 0, 1, 1, 0, 0, 1, 1) qary --> binary (0, 1, 0, 0, 1, 1, 0, 0, 1, 1) in (1, 3, 0, 3, 0)
a = 133.0 , a' = 33.0, (2, 3, 0, 3, 3) = (1, 0, 0, 0, 1, 1, 0, 0, 0, 0) qary --> binary (1, 0, 0, 0, 1, 1, 0, 0, 0, 0) in (2, 3, 0, 3, 3)
a = 133.0 , a' = 33.0, (2, 3, 3, 2, 0) = (1, 0, 0, 0, 0, 0, 1, 0, 1, 1) qary --> binary (1, 0, 0, 0, 0, 0, 1, 0, 1, 1) in (2, 3, 3, 2, 0)
a = 133.0 , a' = 33.0, (3, 3, 3, 2, 3) = (0, 0, 0, 0, 0, 0, 1, 0, 0, 0) qary --> binary (0, 0, 0, 0, 0, 0, 1, 0, 0, 0) in (3, 3, 3, 2, 3)
============================================================================





