a =  0.0
original= [0 0 0 0 0 0 0 0] reverse gray mapped= [0, 0, 0, 0]
original= [0 1 0 0 1 1 0 1] reverse gray mapped= [1, 0, 3, 1]
original= [1 0 0 0 0 0 1 1] reverse gray mapped= [2, 0, 0, 3]
original= [1 1 1 1 0 1 0 1] reverse gray mapped= [3, 3, 1, 1]
a =  54.0
original= [0 0 0 0 0 0 0 1] reverse gray mapped= [0, 0, 0, 1]
original= [0 1 0 1 1 0 1 0] reverse gray mapped= [1, 1, 2, 2]
original= [1 0 0 0 0 1 1 0] reverse gray mapped= [2, 0, 1, 2]
a =  33.0
original= [0 0 0 0 0 0 1 0] reverse gray mapped= [0, 0, 0, 2]
original= [0 1 0 0 1 1 1 1] reverse gray mapped= [1, 0, 3, 3]
original= [0 1 1 1 0 1 0 0] reverse gray mapped= [1, 3, 1, 0]
original= [1 0 0 0 1 1 0 0] reverse gray mapped= [2, 0, 3, 0]
original= [1 1 1 1 0 1 1 1] reverse gray mapped= [3, 3, 1, 3]
a =  87.0
original= [0 0 0 0 0 0 1 1] reverse gray mapped= [0, 0, 0, 3]
original= [0 1 1 1 0 1 0 1] reverse gray mapped= [1, 3, 1, 1]
original= [1 0 0 0 1 1 0 1] reverse gray mapped= [2, 0, 3, 1]
a =  20.0
original= [0 0 0 0 0 1 0 0] reverse gray mapped= [0, 0, 1, 0]
original= [0 1 0 1 1 0 1 1] reverse gray mapped= [1, 1, 2, 3]
original= [1 0 0 0 0 1 1 1] reverse gray mapped= [2, 0, 1, 3]
original= [1 0 0 1 1 0 0 0] reverse gray mapped= [2, 1, 2, 0]
a =  74.0
original= [0 0 0 0 0 1 0 1] reverse gray mapped= [0, 0, 1, 1]
original= [0 1 0 1 1 1 1 0] reverse gray mapped= [1, 1, 3, 2]
original= [1 0 0 1 1 0 0 1] reverse gray mapped= [2, 1, 2, 1]
a =  53.0
original= [0 0 0 0 0 1 1 0] reverse gray mapped= [0, 0, 1, 2]
original= [1 0 0 1 1 0 1 0] reverse gray mapped= [2, 1, 2, 2]
a =  19.0
original= [0 0 0 0 0 1 1 1] reverse gray mapped= [0, 0, 1, 3]
original= [0 0 0 1 1 0 0 0] reverse gray mapped= [0, 1, 2, 0]
original= [1 0 0 1 1 0 1 1] reverse gray mapped= [2, 1, 2, 3]
original= [1 1 1 0 1 0 0 0] reverse gray mapped= [3, 2, 2, 0]
a =  12.0
original= [0 0 0 0 1 0 0 0] reverse gray mapped= [0, 0, 2, 0]
original= [0 1 1 1 0 0 1 1] reverse gray mapped= [1, 3, 0, 3]
original= [1 0 0 0 1 0 1 1] reverse gray mapped= [2, 0, 2, 3]
original= [1 0 1 1 0 0 0 0] reverse gray mapped= [2, 3, 0, 0]
original= [1 1 1 1 1 1 0 1] reverse gray mapped= [3, 3, 3, 1]
a =  66.0
original= [0 0 0 0 1 0 0 1] reverse gray mapped= [0, 0, 2, 1]
original= [0 1 1 1 0 1 1 0] reverse gray mapped= [1, 3, 1, 2]
original= [1 0 0 0 1 1 1 0] reverse gray mapped= [2, 0, 3, 2]
original= [1 0 1 1 0 0 0 1] reverse gray mapped= [2, 3, 0, 1]
a =  45.0
original= [0 0 0 0 1 0 1 0] reverse gray mapped= [0, 0, 2, 2]
original= [0 1 1 1 1 1 0 0] reverse gray mapped= [1, 3, 3, 0]
original= [1 0 1 1 0 0 1 0] reverse gray mapped= [2, 3, 0, 2]
original= [1 1 1 1 1 1 1 1] reverse gray mapped= [3, 3, 3, 3]
a =  11.0
original= [0 0 0 0 1 0 1 1] reverse gray mapped= [0, 0, 2, 3]
original= [0 0 1 1 0 0 0 0] reverse gray mapped= [0, 3, 0, 0]
original= [0 1 1 1 1 1 0 1] reverse gray mapped= [1, 3, 3, 1]
original= [1 0 1 1 0 0 1 1] reverse gray mapped= [2, 3, 0, 3]
a =  32.0
original= [0 0 0 0 1 1 0 0] reverse gray mapped= [0, 0, 3, 0]
original= [0 1 1 1 0 1 1 1] reverse gray mapped= [1, 3, 1, 3]
original= [1 0 0 0 1 1 1 1] reverse gray mapped= [2, 0, 3, 3]
original= [1 0 1 1 0 1 0 0] reverse gray mapped= [2, 3, 1, 0]
a =  86.0
original= [0 0 0 0 1 1 0 1] reverse gray mapped= [0, 0, 3, 1]
original= [1 0 1 1 0 1 0 1] reverse gray mapped= [2, 3, 1, 1]
a =  65.0
original= [0 0 0 0 1 1 1 0] reverse gray mapped= [0, 0, 3, 2]
original= [0 0 1 1 0 0 0 1] reverse gray mapped= [0, 3, 0, 1]
original= [1 0 1 1 0 1 1 0] reverse gray mapped= [2, 3, 1, 2]
a =  31.0
original= [0 0 0 0 1 1 1 1] reverse gray mapped= [0, 0, 3, 3]
original= [0 0 1 1 0 1 0 0] reverse gray mapped= [0, 3, 1, 0]
original= [1 0 1 1 0 1 1 1] reverse gray mapped= [2, 3, 1, 3]
a =  7.0
original= [0 0 0 1 0 0 0 0] reverse gray mapped= [0, 1, 0, 0]
original= [0 1 0 1 1 1 0 1] reverse gray mapped= [1, 1, 3, 1]
original= [1 0 0 1 0 0 1 1] reverse gray mapped= [2, 1, 0, 3]
original= [1 1 1 0 0 0 0 0] reverse gray mapped= [3, 2, 0, 0]
a =  61.0
original= [0 0 0 1 0 0 0 1] reverse gray mapped= [0, 1, 0, 1]
original= [1 0 0 1 0 1 1 0] reverse gray mapped= [2, 1, 1, 2]
original= [1 1 1 0 0 0 0 1] reverse gray mapped= [3, 2, 0, 1]
a =  40.0
original= [0 0 0 1 0 0 1 0] reverse gray mapped= [0, 1, 0, 2]
original= [0 1 0 1 1 1 1 1] reverse gray mapped= [1, 1, 3, 3]
original= [1 0 0 1 1 1 0 0] reverse gray mapped= [2, 1, 3, 0]
original= [1 1 1 0 0 0 1 0] reverse gray mapped= [3, 2, 0, 2]
a =  6.0
original= [0 0 0 1 0 0 1 1] reverse gray mapped= [0, 1, 0, 3]
original= [0 1 1 0 0 0 0 0] reverse gray mapped= [1, 2, 0, 0]
original= [1 0 0 1 1 1 0 1] reverse gray mapped= [2, 1, 3, 1]
original= [1 1 1 0 0 0 1 1] reverse gray mapped= [3, 2, 0, 3]
a =  27.0
original= [0 0 0 1 0 1 0 0] reverse gray mapped= [0, 1, 1, 0]
original= [1 0 0 1 0 1 1 1] reverse gray mapped= [2, 1, 1, 3]
original= [1 1 1 0 0 1 0 0] reverse gray mapped= [3, 2, 1, 0]
a =  81.0
original= [0 0 0 1 0 1 0 1] reverse gray mapped= [0, 1, 1, 1]
original= [1 1 1 0 0 1 0 1] reverse gray mapped= [3, 2, 1, 1]
a =  60.0
original= [0 0 0 1 0 1 1 0] reverse gray mapped= [0, 1, 1, 2]
original= [0 1 1 0 0 0 0 1] reverse gray mapped= [1, 2, 0, 1]
original= [1 1 1 0 0 1 1 0] reverse gray mapped= [3, 2, 1, 2]
a =  26.0
original= [0 0 0 1 0 1 1 1] reverse gray mapped= [0, 1, 1, 3]
original= [0 1 1 0 0 1 0 0] reverse gray mapped= [1, 2, 1, 0]
original= [1 1 1 0 0 1 1 1] reverse gray mapped= [3, 2, 1, 3]
original= [1 1 1 1 1 0 0 0] reverse gray mapped= [3, 3, 2, 0]
a =  73.0
original= [0 0 0 1 1 0 0 1] reverse gray mapped= [0, 1, 2, 1]
original= [1 0 0 1 1 1 1 0] reverse gray mapped= [2, 1, 3, 2]
original= [1 1 1 0 1 0 0 1] reverse gray mapped= [3, 2, 2, 1]
a =  52.0
original= [0 0 0 1 1 0 1 0] reverse gray mapped= [0, 1, 2, 2]
original= [1 1 1 0 1 0 1 0] reverse gray mapped= [3, 2, 2, 2]
a =  18.0
original= [0 0 0 1 1 0 1 1] reverse gray mapped= [0, 1, 2, 3]
original= [0 1 1 0 1 0 0 0] reverse gray mapped= [1, 2, 2, 0]
original= [1 1 1 0 1 0 1 1] reverse gray mapped= [3, 2, 2, 3]
a =  39.0
original= [0 0 0 1 1 1 0 0] reverse gray mapped= [0, 1, 3, 0]
original= [0 1 1 0 0 0 1 0] reverse gray mapped= [1, 2, 0, 2]
original= [1 0 0 1 1 1 1 1] reverse gray mapped= [2, 1, 3, 3]
original= [1 1 1 0 1 1 0 0] reverse gray mapped= [3, 2, 3, 0]
a =  5.0
original= [0 0 0 1 1 1 0 1] reverse gray mapped= [0, 1, 3, 1]
original= [0 1 1 0 0 0 1 1] reverse gray mapped= [1, 2, 0, 3]
original= [1 0 1 0 0 0 0 0] reverse gray mapped= [2, 2, 0, 0]
original= [1 1 1 0 1 1 0 1] reverse gray mapped= [3, 2, 3, 1]
a =  72.0
original= [0 0 0 1 1 1 1 0] reverse gray mapped= [0, 1, 3, 2]
original= [0 1 1 0 1 0 0 1] reverse gray mapped= [1, 2, 2, 1]
original= [1 1 1 0 1 1 1 0] reverse gray mapped= [3, 2, 3, 2]
a =  38.0
original= [0 0 0 1 1 1 1 1] reverse gray mapped= [0, 1, 3, 3]
original= [0 1 1 0 1 1 0 0] reverse gray mapped= [1, 2, 3, 0]
original= [1 0 1 0 0 0 1 0] reverse gray mapped= [2, 2, 0, 2]
original= [1 1 1 0 1 1 1 1] reverse gray mapped= [3, 2, 3, 3]
a =  4.0
original= [0 0 1 0 0 0 0 0] reverse gray mapped= [0, 2, 0, 0]
original= [0 1 1 0 1 1 0 1] reverse gray mapped= [1, 2, 3, 1]
original= [1 0 1 0 0 0 1 1] reverse gray mapped= [2, 2, 0, 3]
a =  58.0
original= [0 0 1 0 0 0 0 1] reverse gray mapped= [0, 2, 0, 1]
original= [0 1 1 1 1 0 1 0] reverse gray mapped= [1, 3, 2, 2]
original= [1 0 1 0 0 1 1 0] reverse gray mapped= [2, 2, 1, 2]
a =  37.0
original= [0 0 1 0 0 0 1 0] reverse gray mapped= [0, 2, 0, 2]
original= [0 1 1 0 1 1 1 1] reverse gray mapped= [1, 2, 3, 3]
original= [1 0 1 0 1 1 0 0] reverse gray mapped= [2, 2, 3, 0]
a =  3.0
original= [0 0 1 0 0 0 1 1] reverse gray mapped= [0, 2, 0, 3]
original= [1 0 1 0 1 1 0 1] reverse gray mapped= [2, 2, 3, 1]
original= [1 1 0 0 0 0 0 0] reverse gray mapped= [3, 0, 0, 0]
a =  24.0
original= [0 0 1 0 0 1 0 0] reverse gray mapped= [0, 2, 1, 0]
original= [0 1 1 1 1 0 1 1] reverse gray mapped= [1, 3, 2, 3]
original= [1 0 1 0 0 1 1 1] reverse gray mapped= [2, 2, 1, 3]
original= [1 0 1 1 1 0 0 0] reverse gray mapped= [2, 3, 2, 0]
a =  78.0
original= [0 0 1 0 0 1 0 1] reverse gray mapped= [0, 2, 1, 1]
original= [0 1 1 1 1 1 1 0] reverse gray mapped= [1, 3, 3, 2]
original= [1 0 1 1 1 0 0 1] reverse gray mapped= [2, 3, 2, 1]
a =  57.0
original= [0 0 1 0 0 1 1 0] reverse gray mapped= [0, 2, 1, 2]
original= [1 0 1 1 1 0 1 0] reverse gray mapped= [2, 3, 2, 2]
original= [1 1 0 0 0 0 0 1] reverse gray mapped= [3, 0, 0, 1]
a =  23.0
original= [0 0 1 0 0 1 1 1] reverse gray mapped= [0, 2, 1, 3]
original= [0 0 1 1 1 0 0 0] reverse gray mapped= [0, 3, 2, 0]
original= [1 0 1 1 1 0 1 1] reverse gray mapped= [2, 3, 2, 3]
original= [1 1 0 0 0 1 0 0] reverse gray mapped= [3, 0, 1, 0]
a =  16.0
original= [0 0 1 0 1 0 0 0] reverse gray mapped= [0, 2, 2, 0]
original= [1 0 1 0 1 0 1 1] reverse gray mapped= [2, 2, 2, 3]
a =  70.0
original= [0 0 1 0 1 0 0 1] reverse gray mapped= [0, 2, 2, 1]
original= [1 0 1 0 1 1 1 0] reverse gray mapped= [2, 2, 3, 2]
a =  15.0
original= [0 0 1 0 1 0 1 1] reverse gray mapped= [0, 2, 2, 3]
original= [1 1 0 0 1 0 0 0] reverse gray mapped= [3, 0, 2, 0]
a =  36.0
original= [0 0 1 0 1 1 0 0] reverse gray mapped= [0, 2, 3, 0]
original= [1 0 1 0 1 1 1 1] reverse gray mapped= [2, 2, 3, 3]
original= [1 1 0 0 0 0 1 0] reverse gray mapped= [3, 0, 0, 2]
a =  2.0
original= [0 0 1 0 1 1 0 1] reverse gray mapped= [0, 2, 3, 1]
original= [0 1 0 0 0 0 0 0] reverse gray mapped= [1, 0, 0, 0]
original= [1 1 0 0 0 0 1 1] reverse gray mapped= [3, 0, 0, 3]
a =  69.0
original= [0 0 1 0 1 1 1 0] reverse gray mapped= [0, 2, 3, 2]
original= [1 1 0 0 1 0 0 1] reverse gray mapped= [3, 0, 2, 1]
a =  35.0
original= [0 0 1 0 1 1 1 1] reverse gray mapped= [0, 2, 3, 3]
original= [0 1 0 0 0 0 1 0] reverse gray mapped= [1, 0, 0, 2]
original= [1 1 0 0 1 1 0 0] reverse gray mapped= [3, 0, 3, 0]
a =  44.0
original= [0 0 1 1 0 0 1 0] reverse gray mapped= [0, 3, 0, 2]
original= [0 1 1 1 1 1 1 1] reverse gray mapped= [1, 3, 3, 3]
original= [1 0 1 1 1 1 0 0] reverse gray mapped= [2, 3, 3, 0]
a =  10.0
original= [0 0 1 1 0 0 1 1] reverse gray mapped= [0, 3, 0, 3]
original= [1 0 1 1 1 1 0 1] reverse gray mapped= [2, 3, 3, 1]
original= [1 1 0 1 0 0 0 0] reverse gray mapped= [3, 1, 0, 0]
a =  64.0
original= [0 0 1 1 0 1 1 0] reverse gray mapped= [0, 3, 1, 2]
original= [1 1 0 1 0 0 0 1] reverse gray mapped= [3, 1, 0, 1]
a =  30.0
original= [0 0 1 1 0 1 1 1] reverse gray mapped= [0, 3, 1, 3]
original= [1 1 0 1 0 1 0 0] reverse gray mapped= [3, 1, 1, 0]
a =  77.0
original= [0 0 1 1 1 0 0 1] reverse gray mapped= [0, 3, 2, 1]
original= [1 0 1 1 1 1 1 0] reverse gray mapped= [2, 3, 3, 2]
original= [1 1 0 0 0 1 0 1] reverse gray mapped= [3, 0, 1, 1]
a =  56.0
original= [0 0 1 1 1 0 1 0] reverse gray mapped= [0, 3, 2, 2]
original= [0 1 0 0 0 0 0 1] reverse gray mapped= [1, 0, 0, 1]
original= [1 1 0 0 0 1 1 0] reverse gray mapped= [3, 0, 1, 2]
a =  22.0
original= [0 0 1 1 1 0 1 1] reverse gray mapped= [0, 3, 2, 3]
original= [0 1 0 0 0 1 0 0] reverse gray mapped= [1, 0, 1, 0]
original= [1 1 0 0 0 1 1 1] reverse gray mapped= [3, 0, 1, 3]
original= [1 1 0 1 1 0 0 0] reverse gray mapped= [3, 1, 2, 0]
a =  43.0
original= [0 0 1 1 1 1 0 0] reverse gray mapped= [0, 3, 3, 0]
original= [1 0 1 1 1 1 1 1] reverse gray mapped= [2, 3, 3, 3]
original= [1 1 0 1 0 0 1 0] reverse gray mapped= [3, 1, 0, 2]
a =  9.0
original= [0 0 1 1 1 1 0 1] reverse gray mapped= [0, 3, 3, 1]
original= [0 1 0 1 0 0 0 0] reverse gray mapped= [1, 1, 0, 0]
original= [1 1 0 1 0 0 1 1] reverse gray mapped= [3, 1, 0, 3]
a =  76.0
original= [0 0 1 1 1 1 1 0] reverse gray mapped= [0, 3, 3, 2]
original= [0 1 0 0 0 1 0 1] reverse gray mapped= [1, 0, 1, 1]
original= [1 1 0 1 1 0 0 1] reverse gray mapped= [3, 1, 2, 1]
a =  42.0
original= [0 0 1 1 1 1 1 1] reverse gray mapped= [0, 3, 3, 3]
original= [0 1 0 1 0 0 1 0] reverse gray mapped= [1, 1, 0, 2]
original= [1 1 0 1 1 1 0 0] reverse gray mapped= [3, 1, 3, 0]
a =  1.0
original= [0 1 0 0 0 0 1 1] reverse gray mapped= [1, 0, 0, 3]
original= [1 0 0 0 0 0 0 0] reverse gray mapped= [2, 0, 0, 0]
original= [1 1 0 0 1 1 0 1] reverse gray mapped= [3, 0, 3, 1]
a =  55.0
original= [0 1 0 0 0 1 1 0] reverse gray mapped= [1, 0, 1, 2]
original= [1 0 0 0 0 0 0 1] reverse gray mapped= [2, 0, 0, 1]
original= [1 1 0 1 1 0 1 0] reverse gray mapped= [3, 1, 2, 2]
a =  21.0
original= [0 1 0 0 0 1 1 1] reverse gray mapped= [1, 0, 1, 3]
original= [0 1 0 1 1 0 0 0] reverse gray mapped= [1, 1, 2, 0]
original= [1 0 0 0 0 1 0 0] reverse gray mapped= [2, 0, 1, 0]
original= [1 1 0 1 1 0 1 1] reverse gray mapped= [3, 1, 2, 3]
a =  14.0
original= [0 1 0 0 1 0 0 0] reverse gray mapped= [1, 0, 2, 0]
original= [1 1 0 0 1 0 1 1] reverse gray mapped= [3, 0, 2, 3]
original= [1 1 1 1 0 0 0 0] reverse gray mapped= [3, 3, 0, 0]
a =  68.0
original= [0 1 0 0 1 0 0 1] reverse gray mapped= [1, 0, 2, 1]
original= [1 1 0 0 1 1 1 0] reverse gray mapped= [3, 0, 3, 2]
original= [1 1 1 1 0 0 0 1] reverse gray mapped= [3, 3, 0, 1]
a =  47.0
original= [0 1 0 0 1 0 1 0] reverse gray mapped= [1, 0, 2, 2]
original= [1 1 1 1 0 0 1 0] reverse gray mapped= [3, 3, 0, 2]
a =  13.0
original= [0 1 0 0 1 0 1 1] reverse gray mapped= [1, 0, 2, 3]
original= [0 1 1 1 0 0 0 0] reverse gray mapped= [1, 3, 0, 0]
original= [1 0 0 0 1 0 0 0] reverse gray mapped= [2, 0, 2, 0]
original= [1 1 1 1 0 0 1 1] reverse gray mapped= [3, 3, 0, 3]
a =  34.0
original= [0 1 0 0 1 1 0 0] reverse gray mapped= [1, 0, 3, 0]
original= [1 0 0 0 0 0 1 0] reverse gray mapped= [2, 0, 0, 2]
original= [1 1 0 0 1 1 1 1] reverse gray mapped= [3, 0, 3, 3]
original= [1 1 1 1 0 1 0 0] reverse gray mapped= [3, 3, 1, 0]
a =  67.0
original= [0 1 0 0 1 1 1 0] reverse gray mapped= [1, 0, 3, 2]
original= [0 1 1 1 0 0 0 1] reverse gray mapped= [1, 3, 0, 1]
original= [1 0 0 0 1 0 0 1] reverse gray mapped= [2, 0, 2, 1]
original= [1 1 1 1 0 1 1 0] reverse gray mapped= [3, 3, 1, 2]
a =  63.0
original= [0 1 0 1 0 0 0 1] reverse gray mapped= [1, 1, 0, 1]
original= [1 1 0 1 0 1 1 0] reverse gray mapped= [3, 1, 1, 2]
a =  8.0
original= [0 1 0 1 0 0 1 1] reverse gray mapped= [1, 1, 0, 3]
original= [1 0 0 1 0 0 0 0] reverse gray mapped= [2, 1, 0, 0]
original= [1 1 0 1 1 1 0 1] reverse gray mapped= [3, 1, 3, 1]
a =  29.0
original= [0 1 0 1 0 1 0 0] reverse gray mapped= [1, 1, 1, 0]
original= [1 1 0 1 0 1 1 1] reverse gray mapped= [3, 1, 1, 3]
a =  62.0
original= [0 1 0 1 0 1 1 0] reverse gray mapped= [1, 1, 1, 2]
original= [1 0 0 1 0 0 0 1] reverse gray mapped= [2, 1, 0, 1]
a =  28.0
original= [0 1 0 1 0 1 1 1] reverse gray mapped= [1, 1, 1, 3]
original= [1 0 0 1 0 1 0 0] reverse gray mapped= [2, 1, 1, 0]
a =  75.0
original= [0 1 0 1 1 0 0 1] reverse gray mapped= [1, 1, 2, 1]
original= [1 0 0 0 0 1 0 1] reverse gray mapped= [2, 0, 1, 1]
original= [1 1 0 1 1 1 1 0] reverse gray mapped= [3, 1, 3, 2]
a =  41.0
original= [0 1 0 1 1 1 0 0] reverse gray mapped= [1, 1, 3, 0]
original= [1 0 0 1 0 0 1 0] reverse gray mapped= [2, 1, 0, 2]
original= [1 1 0 1 1 1 1 1] reverse gray mapped= [3, 1, 3, 3]
a =  80.0
original= [0 1 1 0 0 1 0 1] reverse gray mapped= [1, 2, 1, 1]
original= [1 1 1 1 1 0 0 1] reverse gray mapped= [3, 3, 2, 1]
a =  59.0
original= [0 1 1 0 0 1 1 0] reverse gray mapped= [1, 2, 1, 2]
original= [1 0 1 0 0 0 0 1] reverse gray mapped= [2, 2, 0, 1]
original= [1 1 1 1 1 0 1 0] reverse gray mapped= [3, 3, 2, 2]
a =  25.0
original= [0 1 1 0 0 1 1 1] reverse gray mapped= [1, 2, 1, 3]
original= [0 1 1 1 1 0 0 0] reverse gray mapped= [1, 3, 2, 0]
original= [1 0 1 0 0 1 0 0] reverse gray mapped= [2, 2, 1, 0]
original= [1 1 1 1 1 0 1 1] reverse gray mapped= [3, 3, 2, 3]
a =  17.0
original= [0 1 1 0 1 0 1 1] reverse gray mapped= [1, 2, 2, 3]
original= [1 0 1 0 1 0 0 0] reverse gray mapped= [2, 2, 2, 0]
a =  71.0
original= [0 1 1 0 1 1 1 0] reverse gray mapped= [1, 2, 3, 2]
original= [1 0 1 0 1 0 0 1] reverse gray mapped= [2, 2, 2, 1]
a =  46.0
original= [0 1 1 1 0 0 1 0] reverse gray mapped= [1, 3, 0, 2]
original= [1 0 0 0 1 0 1 0] reverse gray mapped= [2, 0, 2, 2]
original= [1 1 1 1 1 1 0 0] reverse gray mapped= [3, 3, 3, 0]
a =  79.0
original= [0 1 1 1 1 0 0 1] reverse gray mapped= [1, 3, 2, 1]
original= [1 0 1 0 0 1 0 1] reverse gray mapped= [2, 2, 1, 1]
original= [1 1 1 1 1 1 1 0] reverse gray mapped= [3, 3, 3, 2]
N =  8 , q =  2 , s =  2 , Codeword total =  256 , Max number of codewords =  5
============================================================================
a =  0.0
[[0, 0, 0, 0], [1, 0, 3, 1], [2, 0, 0, 3], [3, 3, 1, 1]]
deletion sphere
{   (0, 0, 0, 0): [(0, 0, 0)],
    (1, 0, 3, 1): [(0, 3, 1), (1, 3, 1), (1, 0, 1), (1, 0, 3)],
    (2, 0, 0, 3): [(0, 0, 3), (2, 0, 3), (2, 0, 0)],
    (3, 3, 1, 1): [(3, 1, 1), (3, 3, 1)]}
-------------------No intersection----------------- [(0, 0, 0, 0), (1, 0, 3, 1), (2, 0, 0, 3), (3, 3, 1, 1)]
a =  54.0
[[0, 0, 0, 1], [1, 1, 2, 2], [2, 0, 1, 2]]
deletion sphere
{   (0, 0, 0, 1): [(0, 0, 1), (0, 0, 0)],
    (1, 1, 2, 2): [(1, 2, 2), (1, 1, 2)],
    (2, 0, 1, 2): [(0, 1, 2), (2, 1, 2), (2, 0, 2), (2, 0, 1)]}
-------------------No intersection----------------- [(0, 0, 0, 1), (1, 1, 2, 2), (2, 0, 1, 2)]
a =  33.0
[[0, 0, 0, 2], [1, 0, 3, 3], [1, 3, 1, 0], [2, 0, 3, 0], [3, 3, 1, 3]]
deletion sphere
{   (0, 0, 0, 2): [(0, 0, 2), (0, 0, 0)],
    (1, 0, 3, 3): [(0, 3, 3), (1, 3, 3), (1, 0, 3)],
    (1, 3, 1, 0): [(3, 1, 0), (1, 1, 0), (1, 3, 0), (1, 3, 1)],
    (2, 0, 3, 0): [(0, 3, 0), (2, 3, 0), (2, 0, 0), (2, 0, 3)],
    (3, 3, 1, 3): [(3, 1, 3), (3, 3, 3), (3, 3, 1)]}
-------------------No intersection----------------- [(0, 0, 0, 2), (1, 0, 3, 3), (1, 3, 1, 0), (2, 0, 3, 0), (3, 3, 1, 3)]
a =  87.0
[[0, 0, 0, 3], [1, 3, 1, 1], [2, 0, 3, 1]]
deletion sphere
{   (0, 0, 0, 3): [(0, 0, 3), (0, 0, 0)],
    (1, 3, 1, 1): [(3, 1, 1), (1, 1, 1), (1, 3, 1)],
    (2, 0, 3, 1): [(0, 3, 1), (2, 3, 1), (2, 0, 1), (2, 0, 3)]}
-------------------No intersection----------------- [(0, 0, 0, 3), (1, 3, 1, 1), (2, 0, 3, 1)]
a =  20.0
[[0, 0, 1, 0], [1, 1, 2, 3], [2, 0, 1, 3], [2, 1, 2, 0]]
deletion sphere
{   (0, 0, 1, 0): [(0, 1, 0), (0, 0, 0), (0, 0, 1)],
    (1, 1, 2, 3): [(1, 2, 3), (1, 1, 3), (1, 1, 2)],
    (2, 0, 1, 3): [(0, 1, 3), (2, 1, 3), (2, 0, 3), (2, 0, 1)],
    (2, 1, 2, 0): [(1, 2, 0), (2, 2, 0), (2, 1, 0), (2, 1, 2)]}
-------------------No intersection----------------- [(0, 0, 1, 0), (1, 1, 2, 3), (2, 0, 1, 3), (2, 1, 2, 0)]
a =  74.0
[[0, 0, 1, 1], [1, 1, 3, 2], [2, 1, 2, 1]]
deletion sphere
{   (0, 0, 1, 1): [(0, 1, 1), (0, 0, 1)],
    (1, 1, 3, 2): [(1, 3, 2), (1, 1, 2), (1, 1, 3)],
    (2, 1, 2, 1): [(1, 2, 1), (2, 2, 1), (2, 1, 1), (2, 1, 2)]}
-------------------No intersection----------------- [(0, 0, 1, 1), (1, 1, 3, 2), (2, 1, 2, 1)]
a =  53.0
[[0, 0, 1, 2], [2, 1, 2, 2]]
deletion sphere
{   (0, 0, 1, 2): [(0, 1, 2), (0, 0, 2), (0, 0, 1)],
    (2, 1, 2, 2): [(1, 2, 2), (2, 2, 2), (2, 1, 2)]}
-------------------No intersection----------------- [(0, 0, 1, 2), (2, 1, 2, 2)]
a =  19.0
[[0, 0, 1, 3], [0, 1, 2, 0], [2, 1, 2, 3], [3, 2, 2, 0]]
deletion sphere
{   (0, 0, 1, 3): [(0, 1, 3), (0, 0, 3), (0, 0, 1)],
    (0, 1, 2, 0): [(1, 2, 0), (0, 2, 0), (0, 1, 0), (0, 1, 2)],
    (2, 1, 2, 3): [(1, 2, 3), (2, 2, 3), (2, 1, 3), (2, 1, 2)],
    (3, 2, 2, 0): [(2, 2, 0), (3, 2, 0), (3, 2, 2)]}
-------------------No intersection----------------- [(0, 0, 1, 3), (0, 1, 2, 0), (2, 1, 2, 3), (3, 2, 2, 0)]
a =  12.0
[[0, 0, 2, 0], [1, 3, 0, 3], [2, 0, 2, 3], [2, 3, 0, 0], [3, 3, 3, 1]]
deletion sphere
{   (0, 0, 2, 0): [(0, 2, 0), (0, 0, 0), (0, 0, 2)],
    (1, 3, 0, 3): [(3, 0, 3), (1, 0, 3), (1, 3, 3), (1, 3, 0)],
    (2, 0, 2, 3): [(0, 2, 3), (2, 2, 3), (2, 0, 3), (2, 0, 2)],
    (2, 3, 0, 0): [(3, 0, 0), (2, 0, 0), (2, 3, 0)],
    (3, 3, 3, 1): [(3, 3, 1), (3, 3, 3)]}
-------------------No intersection----------------- [(0, 0, 2, 0), (1, 3, 0, 3), (2, 0, 2, 3), (2, 3, 0, 0), (3, 3, 3, 1)]
a =  66.0
[[0, 0, 2, 1], [1, 3, 1, 2], [2, 0, 3, 2], [2, 3, 0, 1]]
deletion sphere
{   (0, 0, 2, 1): [(0, 2, 1), (0, 0, 1), (0, 0, 2)],
    (1, 3, 1, 2): [(3, 1, 2), (1, 1, 2), (1, 3, 2), (1, 3, 1)],
    (2, 0, 3, 2): [(0, 3, 2), (2, 3, 2), (2, 0, 2), (2, 0, 3)],
    (2, 3, 0, 1): [(3, 0, 1), (2, 0, 1), (2, 3, 1), (2, 3, 0)]}
-------------------No intersection----------------- [(0, 0, 2, 1), (1, 3, 1, 2), (2, 0, 3, 2), (2, 3, 0, 1)]
a =  45.0
[[0, 0, 2, 2], [1, 3, 3, 0], [2, 3, 0, 2], [3, 3, 3, 3]]
deletion sphere
{   (0, 0, 2, 2): [(0, 2, 2), (0, 0, 2)],
    (1, 3, 3, 0): [(3, 3, 0), (1, 3, 0), (1, 3, 3)],
    (2, 3, 0, 2): [(3, 0, 2), (2, 0, 2), (2, 3, 2), (2, 3, 0)],
    (3, 3, 3, 3): [(3, 3, 3)]}
-------------------No intersection----------------- [(0, 0, 2, 2), (1, 3, 3, 0), (2, 3, 0, 2), (3, 3, 3, 3)]
a =  11.0
[[0, 0, 2, 3], [0, 3, 0, 0], [1, 3, 3, 1], [2, 3, 0, 3]]
deletion sphere
{   (0, 0, 2, 3): [(0, 2, 3), (0, 0, 3), (0, 0, 2)],
    (0, 3, 0, 0): [(3, 0, 0), (0, 0, 0), (0, 3, 0)],
    (1, 3, 3, 1): [(3, 3, 1), (1, 3, 1), (1, 3, 3)],
    (2, 3, 0, 3): [(3, 0, 3), (2, 0, 3), (2, 3, 3), (2, 3, 0)]}
-------------------No intersection----------------- [(0, 0, 2, 3), (0, 3, 0, 0), (1, 3, 3, 1), (2, 3, 0, 3)]
a =  32.0
[[0, 0, 3, 0], [1, 3, 1, 3], [2, 0, 3, 3], [2, 3, 1, 0]]
deletion sphere
{   (0, 0, 3, 0): [(0, 3, 0), (0, 0, 0), (0, 0, 3)],
    (1, 3, 1, 3): [(3, 1, 3), (1, 1, 3), (1, 3, 3), (1, 3, 1)],
    (2, 0, 3, 3): [(0, 3, 3), (2, 3, 3), (2, 0, 3)],
    (2, 3, 1, 0): [(3, 1, 0), (2, 1, 0), (2, 3, 0), (2, 3, 1)]}
-------------------No intersection----------------- [(0, 0, 3, 0), (1, 3, 1, 3), (2, 0, 3, 3), (2, 3, 1, 0)]
a =  86.0
[[0, 0, 3, 1], [2, 3, 1, 1]]
deletion sphere
{   (0, 0, 3, 1): [(0, 3, 1), (0, 0, 1), (0, 0, 3)],
    (2, 3, 1, 1): [(3, 1, 1), (2, 1, 1), (2, 3, 1)]}
-------------------No intersection----------------- [(0, 0, 3, 1), (2, 3, 1, 1)]
a =  65.0
[[0, 0, 3, 2], [0, 3, 0, 1], [2, 3, 1, 2]]
deletion sphere
{   (0, 0, 3, 2): [(0, 3, 2), (0, 0, 2), (0, 0, 3)],
    (0, 3, 0, 1): [(3, 0, 1), (0, 0, 1), (0, 3, 1), (0, 3, 0)],
    (2, 3, 1, 2): [(3, 1, 2), (2, 1, 2), (2, 3, 2), (2, 3, 1)]}
-------------------No intersection----------------- [(0, 0, 3, 2), (0, 3, 0, 1), (2, 3, 1, 2)]
a =  31.0
[[0, 0, 3, 3], [0, 3, 1, 0], [2, 3, 1, 3]]
deletion sphere
{   (0, 0, 3, 3): [(0, 3, 3), (0, 0, 3)],
    (0, 3, 1, 0): [(3, 1, 0), (0, 1, 0), (0, 3, 0), (0, 3, 1)],
    (2, 3, 1, 3): [(3, 1, 3), (2, 1, 3), (2, 3, 3), (2, 3, 1)]}
-------------------No intersection----------------- [(0, 0, 3, 3), (0, 3, 1, 0), (2, 3, 1, 3)]
a =  7.0
[[0, 1, 0, 0], [1, 1, 3, 1], [2, 1, 0, 3], [3, 2, 0, 0]]
deletion sphere
{   (0, 1, 0, 0): [(1, 0, 0), (0, 0, 0), (0, 1, 0)],
    (1, 1, 3, 1): [(1, 3, 1), (1, 1, 1), (1, 1, 3)],
    (2, 1, 0, 3): [(1, 0, 3), (2, 0, 3), (2, 1, 3), (2, 1, 0)],
    (3, 2, 0, 0): [(2, 0, 0), (3, 0, 0), (3, 2, 0)]}
-------------------No intersection----------------- [(0, 1, 0, 0), (1, 1, 3, 1), (2, 1, 0, 3), (3, 2, 0, 0)]
a =  61.0
[[0, 1, 0, 1], [2, 1, 1, 2], [3, 2, 0, 1]]
deletion sphere
{   (0, 1, 0, 1): [(1, 0, 1), (0, 0, 1), (0, 1, 1), (0, 1, 0)],
    (2, 1, 1, 2): [(1, 1, 2), (2, 1, 2), (2, 1, 1)],
    (3, 2, 0, 1): [(2, 0, 1), (3, 0, 1), (3, 2, 1), (3, 2, 0)]}
-------------------No intersection----------------- [(0, 1, 0, 1), (2, 1, 1, 2), (3, 2, 0, 1)]
a =  40.0
[[0, 1, 0, 2], [1, 1, 3, 3], [2, 1, 3, 0], [3, 2, 0, 2]]
deletion sphere
{   (0, 1, 0, 2): [(1, 0, 2), (0, 0, 2), (0, 1, 2), (0, 1, 0)],
    (1, 1, 3, 3): [(1, 3, 3), (1, 1, 3)],
    (2, 1, 3, 0): [(1, 3, 0), (2, 3, 0), (2, 1, 0), (2, 1, 3)],
    (3, 2, 0, 2): [(2, 0, 2), (3, 0, 2), (3, 2, 2), (3, 2, 0)]}
-------------------No intersection----------------- [(0, 1, 0, 2), (1, 1, 3, 3), (2, 1, 3, 0), (3, 2, 0, 2)]
a =  6.0
[[0, 1, 0, 3], [1, 2, 0, 0], [2, 1, 3, 1], [3, 2, 0, 3]]
deletion sphere
{   (0, 1, 0, 3): [(1, 0, 3), (0, 0, 3), (0, 1, 3), (0, 1, 0)],
    (1, 2, 0, 0): [(2, 0, 0), (1, 0, 0), (1, 2, 0)],
    (2, 1, 3, 1): [(1, 3, 1), (2, 3, 1), (2, 1, 1), (2, 1, 3)],
    (3, 2, 0, 3): [(2, 0, 3), (3, 0, 3), (3, 2, 3), (3, 2, 0)]}
-------------------No intersection----------------- [(0, 1, 0, 3), (1, 2, 0, 0), (2, 1, 3, 1), (3, 2, 0, 3)]
a =  27.0
[[0, 1, 1, 0], [2, 1, 1, 3], [3, 2, 1, 0]]
deletion sphere
{   (0, 1, 1, 0): [(1, 1, 0), (0, 1, 0), (0, 1, 1)],
    (2, 1, 1, 3): [(1, 1, 3), (2, 1, 3), (2, 1, 1)],
    (3, 2, 1, 0): [(2, 1, 0), (3, 1, 0), (3, 2, 0), (3, 2, 1)]}
-------------------No intersection----------------- [(0, 1, 1, 0), (2, 1, 1, 3), (3, 2, 1, 0)]
a =  81.0
[[0, 1, 1, 1], [3, 2, 1, 1]]
deletion sphere
{   (0, 1, 1, 1): [(1, 1, 1), (0, 1, 1)],
    (3, 2, 1, 1): [(2, 1, 1), (3, 1, 1), (3, 2, 1)]}
-------------------No intersection----------------- [(0, 1, 1, 1), (3, 2, 1, 1)]
a =  60.0
[[0, 1, 1, 2], [1, 2, 0, 1], [3, 2, 1, 2]]
deletion sphere
{   (0, 1, 1, 2): [(1, 1, 2), (0, 1, 2), (0, 1, 1)],
    (1, 2, 0, 1): [(2, 0, 1), (1, 0, 1), (1, 2, 1), (1, 2, 0)],
    (3, 2, 1, 2): [(2, 1, 2), (3, 1, 2), (3, 2, 2), (3, 2, 1)]}
-------------------No intersection----------------- [(0, 1, 1, 2), (1, 2, 0, 1), (3, 2, 1, 2)]
a =  26.0
[[0, 1, 1, 3], [1, 2, 1, 0], [3, 2, 1, 3], [3, 3, 2, 0]]
deletion sphere
{   (0, 1, 1, 3): [(1, 1, 3), (0, 1, 3), (0, 1, 1)],
    (1, 2, 1, 0): [(2, 1, 0), (1, 1, 0), (1, 2, 0), (1, 2, 1)],
    (3, 2, 1, 3): [(2, 1, 3), (3, 1, 3), (3, 2, 3), (3, 2, 1)],
    (3, 3, 2, 0): [(3, 2, 0), (3, 3, 0), (3, 3, 2)]}
-------------------No intersection----------------- [(0, 1, 1, 3), (1, 2, 1, 0), (3, 2, 1, 3), (3, 3, 2, 0)]
a =  73.0
[[0, 1, 2, 1], [2, 1, 3, 2], [3, 2, 2, 1]]
deletion sphere
{   (0, 1, 2, 1): [(1, 2, 1), (0, 2, 1), (0, 1, 1), (0, 1, 2)],
    (2, 1, 3, 2): [(1, 3, 2), (2, 3, 2), (2, 1, 2), (2, 1, 3)],
    (3, 2, 2, 1): [(2, 2, 1), (3, 2, 1), (3, 2, 2)]}
-------------------No intersection----------------- [(0, 1, 2, 1), (2, 1, 3, 2), (3, 2, 2, 1)]
a =  52.0
[[0, 1, 2, 2], [3, 2, 2, 2]]
deletion sphere
{   (0, 1, 2, 2): [(1, 2, 2), (0, 2, 2), (0, 1, 2)],
    (3, 2, 2, 2): [(2, 2, 2), (3, 2, 2)]}
-------------------No intersection----------------- [(0, 1, 2, 2), (3, 2, 2, 2)]
a =  18.0
[[0, 1, 2, 3], [1, 2, 2, 0], [3, 2, 2, 3]]
deletion sphere
{   (0, 1, 2, 3): [(1, 2, 3), (0, 2, 3), (0, 1, 3), (0, 1, 2)],
    (1, 2, 2, 0): [(2, 2, 0), (1, 2, 0), (1, 2, 2)],
    (3, 2, 2, 3): [(2, 2, 3), (3, 2, 3), (3, 2, 2)]}
-------------------No intersection----------------- [(0, 1, 2, 3), (1, 2, 2, 0), (3, 2, 2, 3)]
a =  39.0
[[0, 1, 3, 0], [1, 2, 0, 2], [2, 1, 3, 3], [3, 2, 3, 0]]
deletion sphere
{   (0, 1, 3, 0): [(1, 3, 0), (0, 3, 0), (0, 1, 0), (0, 1, 3)],
    (1, 2, 0, 2): [(2, 0, 2), (1, 0, 2), (1, 2, 2), (1, 2, 0)],
    (2, 1, 3, 3): [(1, 3, 3), (2, 3, 3), (2, 1, 3)],
    (3, 2, 3, 0): [(2, 3, 0), (3, 3, 0), (3, 2, 0), (3, 2, 3)]}
-------------------No intersection----------------- [(0, 1, 3, 0), (1, 2, 0, 2), (2, 1, 3, 3), (3, 2, 3, 0)]
a =  5.0
[[0, 1, 3, 1], [1, 2, 0, 3], [2, 2, 0, 0], [3, 2, 3, 1]]
deletion sphere
{   (0, 1, 3, 1): [(1, 3, 1), (0, 3, 1), (0, 1, 1), (0, 1, 3)],
    (1, 2, 0, 3): [(2, 0, 3), (1, 0, 3), (1, 2, 3), (1, 2, 0)],
    (2, 2, 0, 0): [(2, 0, 0), (2, 2, 0)],
    (3, 2, 3, 1): [(2, 3, 1), (3, 3, 1), (3, 2, 1), (3, 2, 3)]}
-------------------No intersection----------------- [(0, 1, 3, 1), (1, 2, 0, 3), (2, 2, 0, 0), (3, 2, 3, 1)]
a =  72.0
[[0, 1, 3, 2], [1, 2, 2, 1], [3, 2, 3, 2]]
deletion sphere
{   (0, 1, 3, 2): [(1, 3, 2), (0, 3, 2), (0, 1, 2), (0, 1, 3)],
    (1, 2, 2, 1): [(2, 2, 1), (1, 2, 1), (1, 2, 2)],
    (3, 2, 3, 2): [(2, 3, 2), (3, 3, 2), (3, 2, 2), (3, 2, 3)]}
-------------------No intersection----------------- [(0, 1, 3, 2), (1, 2, 2, 1), (3, 2, 3, 2)]
a =  38.0
[[0, 1, 3, 3], [1, 2, 3, 0], [2, 2, 0, 2], [3, 2, 3, 3]]
deletion sphere
{   (0, 1, 3, 3): [(1, 3, 3), (0, 3, 3), (0, 1, 3)],
    (1, 2, 3, 0): [(2, 3, 0), (1, 3, 0), (1, 2, 0), (1, 2, 3)],
    (2, 2, 0, 2): [(2, 0, 2), (2, 2, 2), (2, 2, 0)],
    (3, 2, 3, 3): [(2, 3, 3), (3, 3, 3), (3, 2, 3)]}
-------------------No intersection----------------- [(0, 1, 3, 3), (1, 2, 3, 0), (2, 2, 0, 2), (3, 2, 3, 3)]
a =  4.0
[[0, 2, 0, 0], [1, 2, 3, 1], [2, 2, 0, 3]]
deletion sphere
{   (0, 2, 0, 0): [(2, 0, 0), (0, 0, 0), (0, 2, 0)],
    (1, 2, 3, 1): [(2, 3, 1), (1, 3, 1), (1, 2, 1), (1, 2, 3)],
    (2, 2, 0, 3): [(2, 0, 3), (2, 2, 3), (2, 2, 0)]}
-------------------No intersection----------------- [(0, 2, 0, 0), (1, 2, 3, 1), (2, 2, 0, 3)]
a =  58.0
[[0, 2, 0, 1], [1, 3, 2, 2], [2, 2, 1, 2]]
deletion sphere
{   (0, 2, 0, 1): [(2, 0, 1), (0, 0, 1), (0, 2, 1), (0, 2, 0)],
    (1, 3, 2, 2): [(3, 2, 2), (1, 2, 2), (1, 3, 2)],
    (2, 2, 1, 2): [(2, 1, 2), (2, 2, 2), (2, 2, 1)]}
-------------------No intersection----------------- [(0, 2, 0, 1), (1, 3, 2, 2), (2, 2, 1, 2)]
a =  37.0
[[0, 2, 0, 2], [1, 2, 3, 3], [2, 2, 3, 0]]
deletion sphere
{   (0, 2, 0, 2): [(2, 0, 2), (0, 0, 2), (0, 2, 2), (0, 2, 0)],
    (1, 2, 3, 3): [(2, 3, 3), (1, 3, 3), (1, 2, 3)],
    (2, 2, 3, 0): [(2, 3, 0), (2, 2, 0), (2, 2, 3)]}
-------------------No intersection----------------- [(0, 2, 0, 2), (1, 2, 3, 3), (2, 2, 3, 0)]
a =  3.0
[[0, 2, 0, 3], [2, 2, 3, 1], [3, 0, 0, 0]]
deletion sphere
{   (0, 2, 0, 3): [(2, 0, 3), (0, 0, 3), (0, 2, 3), (0, 2, 0)],
    (2, 2, 3, 1): [(2, 3, 1), (2, 2, 1), (2, 2, 3)],
    (3, 0, 0, 0): [(0, 0, 0), (3, 0, 0)]}
-------------------No intersection----------------- [(0, 2, 0, 3), (2, 2, 3, 1), (3, 0, 0, 0)]
a =  24.0
[[0, 2, 1, 0], [1, 3, 2, 3], [2, 2, 1, 3], [2, 3, 2, 0]]
deletion sphere
{   (0, 2, 1, 0): [(2, 1, 0), (0, 1, 0), (0, 2, 0), (0, 2, 1)],
    (1, 3, 2, 3): [(3, 2, 3), (1, 2, 3), (1, 3, 3), (1, 3, 2)],
    (2, 2, 1, 3): [(2, 1, 3), (2, 2, 3), (2, 2, 1)],
    (2, 3, 2, 0): [(3, 2, 0), (2, 2, 0), (2, 3, 0), (2, 3, 2)]}
-------------------No intersection----------------- [(0, 2, 1, 0), (1, 3, 2, 3), (2, 2, 1, 3), (2, 3, 2, 0)]
a =  78.0
[[0, 2, 1, 1], [1, 3, 3, 2], [2, 3, 2, 1]]
deletion sphere
{   (0, 2, 1, 1): [(2, 1, 1), (0, 1, 1), (0, 2, 1)],
    (1, 3, 3, 2): [(3, 3, 2), (1, 3, 2), (1, 3, 3)],
    (2, 3, 2, 1): [(3, 2, 1), (2, 2, 1), (2, 3, 1), (2, 3, 2)]}
-------------------No intersection----------------- [(0, 2, 1, 1), (1, 3, 3, 2), (2, 3, 2, 1)]
a =  57.0
[[0, 2, 1, 2], [2, 3, 2, 2], [3, 0, 0, 1]]
deletion sphere
{   (0, 2, 1, 2): [(2, 1, 2), (0, 1, 2), (0, 2, 2), (0, 2, 1)],
    (2, 3, 2, 2): [(3, 2, 2), (2, 2, 2), (2, 3, 2)],
    (3, 0, 0, 1): [(0, 0, 1), (3, 0, 1), (3, 0, 0)]}
-------------------No intersection----------------- [(0, 2, 1, 2), (2, 3, 2, 2), (3, 0, 0, 1)]
a =  23.0
[[0, 2, 1, 3], [0, 3, 2, 0], [2, 3, 2, 3], [3, 0, 1, 0]]
deletion sphere
{   (0, 2, 1, 3): [(2, 1, 3), (0, 1, 3), (0, 2, 3), (0, 2, 1)],
    (0, 3, 2, 0): [(3, 2, 0), (0, 2, 0), (0, 3, 0), (0, 3, 2)],
    (2, 3, 2, 3): [(3, 2, 3), (2, 2, 3), (2, 3, 3), (2, 3, 2)],
    (3, 0, 1, 0): [(0, 1, 0), (3, 1, 0), (3, 0, 0), (3, 0, 1)]}
-------------------No intersection----------------- [(0, 2, 1, 3), (0, 3, 2, 0), (2, 3, 2, 3), (3, 0, 1, 0)]
a =  16.0
[[0, 2, 2, 0], [2, 2, 2, 3]]
deletion sphere
{   (0, 2, 2, 0): [(2, 2, 0), (0, 2, 0), (0, 2, 2)],
    (2, 2, 2, 3): [(2, 2, 3), (2, 2, 2)]}
-------------------No intersection----------------- [(0, 2, 2, 0), (2, 2, 2, 3)]
a =  70.0
[[0, 2, 2, 1], [2, 2, 3, 2]]
deletion sphere
{   (0, 2, 2, 1): [(2, 2, 1), (0, 2, 1), (0, 2, 2)],
    (2, 2, 3, 2): [(2, 3, 2), (2, 2, 2), (2, 2, 3)]}
-------------------No intersection----------------- [(0, 2, 2, 1), (2, 2, 3, 2)]
a =  15.0
[[0, 2, 2, 3], [3, 0, 2, 0]]
deletion sphere
{   (0, 2, 2, 3): [(2, 2, 3), (0, 2, 3), (0, 2, 2)],
    (3, 0, 2, 0): [(0, 2, 0), (3, 2, 0), (3, 0, 0), (3, 0, 2)]}
-------------------No intersection----------------- [(0, 2, 2, 3), (3, 0, 2, 0)]
a =  36.0
[[0, 2, 3, 0], [2, 2, 3, 3], [3, 0, 0, 2]]
deletion sphere
{   (0, 2, 3, 0): [(2, 3, 0), (0, 3, 0), (0, 2, 0), (0, 2, 3)],
    (2, 2, 3, 3): [(2, 3, 3), (2, 2, 3)],
    (3, 0, 0, 2): [(0, 0, 2), (3, 0, 2), (3, 0, 0)]}
-------------------No intersection----------------- [(0, 2, 3, 0), (2, 2, 3, 3), (3, 0, 0, 2)]
a =  2.0
[[0, 2, 3, 1], [1, 0, 0, 0], [3, 0, 0, 3]]
deletion sphere
{   (0, 2, 3, 1): [(2, 3, 1), (0, 3, 1), (0, 2, 1), (0, 2, 3)],
    (1, 0, 0, 0): [(0, 0, 0), (1, 0, 0)],
    (3, 0, 0, 3): [(0, 0, 3), (3, 0, 3), (3, 0, 0)]}
-------------------No intersection----------------- [(0, 2, 3, 1), (1, 0, 0, 0), (3, 0, 0, 3)]
a =  69.0
[[0, 2, 3, 2], [3, 0, 2, 1]]
deletion sphere
{   (0, 2, 3, 2): [(2, 3, 2), (0, 3, 2), (0, 2, 2), (0, 2, 3)],
    (3, 0, 2, 1): [(0, 2, 1), (3, 2, 1), (3, 0, 1), (3, 0, 2)]}
-------------------No intersection----------------- [(0, 2, 3, 2), (3, 0, 2, 1)]
a =  35.0
[[0, 2, 3, 3], [1, 0, 0, 2], [3, 0, 3, 0]]
deletion sphere
{   (0, 2, 3, 3): [(2, 3, 3), (0, 3, 3), (0, 2, 3)],
    (1, 0, 0, 2): [(0, 0, 2), (1, 0, 2), (1, 0, 0)],
    (3, 0, 3, 0): [(0, 3, 0), (3, 3, 0), (3, 0, 0), (3, 0, 3)]}
-------------------No intersection----------------- [(0, 2, 3, 3), (1, 0, 0, 2), (3, 0, 3, 0)]
a =  44.0
[[0, 3, 0, 2], [1, 3, 3, 3], [2, 3, 3, 0]]
deletion sphere
{   (0, 3, 0, 2): [(3, 0, 2), (0, 0, 2), (0, 3, 2), (0, 3, 0)],
    (1, 3, 3, 3): [(3, 3, 3), (1, 3, 3)],
    (2, 3, 3, 0): [(3, 3, 0), (2, 3, 0), (2, 3, 3)]}
-------------------No intersection----------------- [(0, 3, 0, 2), (1, 3, 3, 3), (2, 3, 3, 0)]
a =  10.0
[[0, 3, 0, 3], [2, 3, 3, 1], [3, 1, 0, 0]]
deletion sphere
{   (0, 3, 0, 3): [(3, 0, 3), (0, 0, 3), (0, 3, 3), (0, 3, 0)],
    (2, 3, 3, 1): [(3, 3, 1), (2, 3, 1), (2, 3, 3)],
    (3, 1, 0, 0): [(1, 0, 0), (3, 0, 0), (3, 1, 0)]}
-------------------No intersection----------------- [(0, 3, 0, 3), (2, 3, 3, 1), (3, 1, 0, 0)]
a =  64.0
[[0, 3, 1, 2], [3, 1, 0, 1]]
deletion sphere
{   (0, 3, 1, 2): [(3, 1, 2), (0, 1, 2), (0, 3, 2), (0, 3, 1)],
    (3, 1, 0, 1): [(1, 0, 1), (3, 0, 1), (3, 1, 1), (3, 1, 0)]}
-------------------No intersection----------------- [(0, 3, 1, 2), (3, 1, 0, 1)]
a =  30.0
[[0, 3, 1, 3], [3, 1, 1, 0]]
deletion sphere
{   (0, 3, 1, 3): [(3, 1, 3), (0, 1, 3), (0, 3, 3), (0, 3, 1)],
    (3, 1, 1, 0): [(1, 1, 0), (3, 1, 0), (3, 1, 1)]}
-------------------No intersection----------------- [(0, 3, 1, 3), (3, 1, 1, 0)]
a =  77.0
[[0, 3, 2, 1], [2, 3, 3, 2], [3, 0, 1, 1]]
deletion sphere
{   (0, 3, 2, 1): [(3, 2, 1), (0, 2, 1), (0, 3, 1), (0, 3, 2)],
    (2, 3, 3, 2): [(3, 3, 2), (2, 3, 2), (2, 3, 3)],
    (3, 0, 1, 1): [(0, 1, 1), (3, 1, 1), (3, 0, 1)]}
-------------------No intersection----------------- [(0, 3, 2, 1), (2, 3, 3, 2), (3, 0, 1, 1)]
a =  56.0
[[0, 3, 2, 2], [1, 0, 0, 1], [3, 0, 1, 2]]
deletion sphere
{   (0, 3, 2, 2): [(3, 2, 2), (0, 2, 2), (0, 3, 2)],
    (1, 0, 0, 1): [(0, 0, 1), (1, 0, 1), (1, 0, 0)],
    (3, 0, 1, 2): [(0, 1, 2), (3, 1, 2), (3, 0, 2), (3, 0, 1)]}
-------------------No intersection----------------- [(0, 3, 2, 2), (1, 0, 0, 1), (3, 0, 1, 2)]
a =  22.0
[[0, 3, 2, 3], [1, 0, 1, 0], [3, 0, 1, 3], [3, 1, 2, 0]]
deletion sphere
{   (0, 3, 2, 3): [(3, 2, 3), (0, 2, 3), (0, 3, 3), (0, 3, 2)],
    (1, 0, 1, 0): [(0, 1, 0), (1, 1, 0), (1, 0, 0), (1, 0, 1)],
    (3, 0, 1, 3): [(0, 1, 3), (3, 1, 3), (3, 0, 3), (3, 0, 1)],
    (3, 1, 2, 0): [(1, 2, 0), (3, 2, 0), (3, 1, 0), (3, 1, 2)]}
-------------------No intersection----------------- [(0, 3, 2, 3), (1, 0, 1, 0), (3, 0, 1, 3), (3, 1, 2, 0)]
a =  43.0
[[0, 3, 3, 0], [2, 3, 3, 3], [3, 1, 0, 2]]
deletion sphere
{   (0, 3, 3, 0): [(3, 3, 0), (0, 3, 0), (0, 3, 3)],
    (2, 3, 3, 3): [(3, 3, 3), (2, 3, 3)],
    (3, 1, 0, 2): [(1, 0, 2), (3, 0, 2), (3, 1, 2), (3, 1, 0)]}
-------------------No intersection----------------- [(0, 3, 3, 0), (2, 3, 3, 3), (3, 1, 0, 2)]
a =  9.0
[[0, 3, 3, 1], [1, 1, 0, 0], [3, 1, 0, 3]]
deletion sphere
{   (0, 3, 3, 1): [(3, 3, 1), (0, 3, 1), (0, 3, 3)],
    (1, 1, 0, 0): [(1, 0, 0), (1, 1, 0)],
    (3, 1, 0, 3): [(1, 0, 3), (3, 0, 3), (3, 1, 3), (3, 1, 0)]}
-------------------No intersection----------------- [(0, 3, 3, 1), (1, 1, 0, 0), (3, 1, 0, 3)]
a =  76.0
[[0, 3, 3, 2], [1, 0, 1, 1], [3, 1, 2, 1]]
deletion sphere
{   (0, 3, 3, 2): [(3, 3, 2), (0, 3, 2), (0, 3, 3)],
    (1, 0, 1, 1): [(0, 1, 1), (1, 1, 1), (1, 0, 1)],
    (3, 1, 2, 1): [(1, 2, 1), (3, 2, 1), (3, 1, 1), (3, 1, 2)]}
-------------------No intersection----------------- [(0, 3, 3, 2), (1, 0, 1, 1), (3, 1, 2, 1)]
a =  42.0
[[0, 3, 3, 3], [1, 1, 0, 2], [3, 1, 3, 0]]
deletion sphere
{   (0, 3, 3, 3): [(3, 3, 3), (0, 3, 3)],
    (1, 1, 0, 2): [(1, 0, 2), (1, 1, 2), (1, 1, 0)],
    (3, 1, 3, 0): [(1, 3, 0), (3, 3, 0), (3, 1, 0), (3, 1, 3)]}
-------------------No intersection----------------- [(0, 3, 3, 3), (1, 1, 0, 2), (3, 1, 3, 0)]
a =  1.0
[[1, 0, 0, 3], [2, 0, 0, 0], [3, 0, 3, 1]]
deletion sphere
{   (1, 0, 0, 3): [(0, 0, 3), (1, 0, 3), (1, 0, 0)],
    (2, 0, 0, 0): [(0, 0, 0), (2, 0, 0)],
    (3, 0, 3, 1): [(0, 3, 1), (3, 3, 1), (3, 0, 1), (3, 0, 3)]}
-------------------No intersection----------------- [(1, 0, 0, 3), (2, 0, 0, 0), (3, 0, 3, 1)]
a =  55.0
[[1, 0, 1, 2], [2, 0, 0, 1], [3, 1, 2, 2]]
deletion sphere
{   (1, 0, 1, 2): [(0, 1, 2), (1, 1, 2), (1, 0, 2), (1, 0, 1)],
    (2, 0, 0, 1): [(0, 0, 1), (2, 0, 1), (2, 0, 0)],
    (3, 1, 2, 2): [(1, 2, 2), (3, 2, 2), (3, 1, 2)]}
-------------------No intersection----------------- [(1, 0, 1, 2), (2, 0, 0, 1), (3, 1, 2, 2)]
a =  21.0
[[1, 0, 1, 3], [1, 1, 2, 0], [2, 0, 1, 0], [3, 1, 2, 3]]
deletion sphere
{   (1, 0, 1, 3): [(0, 1, 3), (1, 1, 3), (1, 0, 3), (1, 0, 1)],
    (1, 1, 2, 0): [(1, 2, 0), (1, 1, 0), (1, 1, 2)],
    (2, 0, 1, 0): [(0, 1, 0), (2, 1, 0), (2, 0, 0), (2, 0, 1)],
    (3, 1, 2, 3): [(1, 2, 3), (3, 2, 3), (3, 1, 3), (3, 1, 2)]}
-------------------No intersection----------------- [(1, 0, 1, 3), (1, 1, 2, 0), (2, 0, 1, 0), (3, 1, 2, 3)]
a =  14.0
[[1, 0, 2, 0], [3, 0, 2, 3], [3, 3, 0, 0]]
deletion sphere
{   (1, 0, 2, 0): [(0, 2, 0), (1, 2, 0), (1, 0, 0), (1, 0, 2)],
    (3, 0, 2, 3): [(0, 2, 3), (3, 2, 3), (3, 0, 3), (3, 0, 2)],
    (3, 3, 0, 0): [(3, 0, 0), (3, 3, 0)]}
-------------------No intersection----------------- [(1, 0, 2, 0), (3, 0, 2, 3), (3, 3, 0, 0)]
a =  68.0
[[1, 0, 2, 1], [3, 0, 3, 2], [3, 3, 0, 1]]
deletion sphere
{   (1, 0, 2, 1): [(0, 2, 1), (1, 2, 1), (1, 0, 1), (1, 0, 2)],
    (3, 0, 3, 2): [(0, 3, 2), (3, 3, 2), (3, 0, 2), (3, 0, 3)],
    (3, 3, 0, 1): [(3, 0, 1), (3, 3, 1), (3, 3, 0)]}
-------------------No intersection----------------- [(1, 0, 2, 1), (3, 0, 3, 2), (3, 3, 0, 1)]
a =  47.0
[[1, 0, 2, 2], [3, 3, 0, 2]]
deletion sphere
{   (1, 0, 2, 2): [(0, 2, 2), (1, 2, 2), (1, 0, 2)],
    (3, 3, 0, 2): [(3, 0, 2), (3, 3, 2), (3, 3, 0)]}
-------------------No intersection----------------- [(1, 0, 2, 2), (3, 3, 0, 2)]
a =  13.0
[[1, 0, 2, 3], [1, 3, 0, 0], [2, 0, 2, 0], [3, 3, 0, 3]]
deletion sphere
{   (1, 0, 2, 3): [(0, 2, 3), (1, 2, 3), (1, 0, 3), (1, 0, 2)],
    (1, 3, 0, 0): [(3, 0, 0), (1, 0, 0), (1, 3, 0)],
    (2, 0, 2, 0): [(0, 2, 0), (2, 2, 0), (2, 0, 0), (2, 0, 2)],
    (3, 3, 0, 3): [(3, 0, 3), (3, 3, 3), (3, 3, 0)]}
-------------------No intersection----------------- [(1, 0, 2, 3), (1, 3, 0, 0), (2, 0, 2, 0), (3, 3, 0, 3)]
a =  34.0
[[1, 0, 3, 0], [2, 0, 0, 2], [3, 0, 3, 3], [3, 3, 1, 0]]
deletion sphere
{   (1, 0, 3, 0): [(0, 3, 0), (1, 3, 0), (1, 0, 0), (1, 0, 3)],
    (2, 0, 0, 2): [(0, 0, 2), (2, 0, 2), (2, 0, 0)],
    (3, 0, 3, 3): [(0, 3, 3), (3, 3, 3), (3, 0, 3)],
    (3, 3, 1, 0): [(3, 1, 0), (3, 3, 0), (3, 3, 1)]}
-------------------No intersection----------------- [(1, 0, 3, 0), (2, 0, 0, 2), (3, 0, 3, 3), (3, 3, 1, 0)]
a =  67.0
[[1, 0, 3, 2], [1, 3, 0, 1], [2, 0, 2, 1], [3, 3, 1, 2]]
deletion sphere
{   (1, 0, 3, 2): [(0, 3, 2), (1, 3, 2), (1, 0, 2), (1, 0, 3)],
    (1, 3, 0, 1): [(3, 0, 1), (1, 0, 1), (1, 3, 1), (1, 3, 0)],
    (2, 0, 2, 1): [(0, 2, 1), (2, 2, 1), (2, 0, 1), (2, 0, 2)],
    (3, 3, 1, 2): [(3, 1, 2), (3, 3, 2), (3, 3, 1)]}
-------------------No intersection----------------- [(1, 0, 3, 2), (1, 3, 0, 1), (2, 0, 2, 1), (3, 3, 1, 2)]
a =  63.0
[[1, 1, 0, 1], [3, 1, 1, 2]]
deletion sphere
{   (1, 1, 0, 1): [(1, 0, 1), (1, 1, 1), (1, 1, 0)],
    (3, 1, 1, 2): [(1, 1, 2), (3, 1, 2), (3, 1, 1)]}
-------------------No intersection----------------- [(1, 1, 0, 1), (3, 1, 1, 2)]
a =  8.0
[[1, 1, 0, 3], [2, 1, 0, 0], [3, 1, 3, 1]]
deletion sphere
{   (1, 1, 0, 3): [(1, 0, 3), (1, 1, 3), (1, 1, 0)],
    (2, 1, 0, 0): [(1, 0, 0), (2, 0, 0), (2, 1, 0)],
    (3, 1, 3, 1): [(1, 3, 1), (3, 3, 1), (3, 1, 1), (3, 1, 3)]}
-------------------No intersection----------------- [(1, 1, 0, 3), (2, 1, 0, 0), (3, 1, 3, 1)]
a =  29.0
[[1, 1, 1, 0], [3, 1, 1, 3]]
deletion sphere
{   (1, 1, 1, 0): [(1, 1, 0), (1, 1, 1)],
    (3, 1, 1, 3): [(1, 1, 3), (3, 1, 3), (3, 1, 1)]}
-------------------No intersection----------------- [(1, 1, 1, 0), (3, 1, 1, 3)]
a =  62.0
[[1, 1, 1, 2], [2, 1, 0, 1]]
deletion sphere
{   (1, 1, 1, 2): [(1, 1, 2), (1, 1, 1)],
    (2, 1, 0, 1): [(1, 0, 1), (2, 0, 1), (2, 1, 1), (2, 1, 0)]}
-------------------No intersection----------------- [(1, 1, 1, 2), (2, 1, 0, 1)]
a =  28.0
[[1, 1, 1, 3], [2, 1, 1, 0]]
deletion sphere
{   (1, 1, 1, 3): [(1, 1, 3), (1, 1, 1)],
    (2, 1, 1, 0): [(1, 1, 0), (2, 1, 0), (2, 1, 1)]}
-------------------No intersection----------------- [(1, 1, 1, 3), (2, 1, 1, 0)]
a =  75.0
[[1, 1, 2, 1], [2, 0, 1, 1], [3, 1, 3, 2]]
deletion sphere
{   (1, 1, 2, 1): [(1, 2, 1), (1, 1, 1), (1, 1, 2)],
    (2, 0, 1, 1): [(0, 1, 1), (2, 1, 1), (2, 0, 1)],
    (3, 1, 3, 2): [(1, 3, 2), (3, 3, 2), (3, 1, 2), (3, 1, 3)]}
-------------------No intersection----------------- [(1, 1, 2, 1), (2, 0, 1, 1), (3, 1, 3, 2)]
a =  41.0
[[1, 1, 3, 0], [2, 1, 0, 2], [3, 1, 3, 3]]
deletion sphere
{   (1, 1, 3, 0): [(1, 3, 0), (1, 1, 0), (1, 1, 3)],
    (2, 1, 0, 2): [(1, 0, 2), (2, 0, 2), (2, 1, 2), (2, 1, 0)],
    (3, 1, 3, 3): [(1, 3, 3), (3, 3, 3), (3, 1, 3)]}
-------------------No intersection----------------- [(1, 1, 3, 0), (2, 1, 0, 2), (3, 1, 3, 3)]
a =  80.0
[[1, 2, 1, 1], [3, 3, 2, 1]]
deletion sphere
{   (1, 2, 1, 1): [(2, 1, 1), (1, 1, 1), (1, 2, 1)],
    (3, 3, 2, 1): [(3, 2, 1), (3, 3, 1), (3, 3, 2)]}
-------------------No intersection----------------- [(1, 2, 1, 1), (3, 3, 2, 1)]
a =  59.0
[[1, 2, 1, 2], [2, 2, 0, 1], [3, 3, 2, 2]]
deletion sphere
{   (1, 2, 1, 2): [(2, 1, 2), (1, 1, 2), (1, 2, 2), (1, 2, 1)],
    (2, 2, 0, 1): [(2, 0, 1), (2, 2, 1), (2, 2, 0)],
    (3, 3, 2, 2): [(3, 2, 2), (3, 3, 2)]}
-------------------No intersection----------------- [(1, 2, 1, 2), (2, 2, 0, 1), (3, 3, 2, 2)]
a =  25.0
[[1, 2, 1, 3], [1, 3, 2, 0], [2, 2, 1, 0], [3, 3, 2, 3]]
deletion sphere
{   (1, 2, 1, 3): [(2, 1, 3), (1, 1, 3), (1, 2, 3), (1, 2, 1)],
    (1, 3, 2, 0): [(3, 2, 0), (1, 2, 0), (1, 3, 0), (1, 3, 2)],
    (2, 2, 1, 0): [(2, 1, 0), (2, 2, 0), (2, 2, 1)],
    (3, 3, 2, 3): [(3, 2, 3), (3, 3, 3), (3, 3, 2)]}
-------------------No intersection----------------- [(1, 2, 1, 3), (1, 3, 2, 0), (2, 2, 1, 0), (3, 3, 2, 3)]
a =  17.0
[[1, 2, 2, 3], [2, 2, 2, 0]]
deletion sphere
{   (1, 2, 2, 3): [(2, 2, 3), (1, 2, 3), (1, 2, 2)],
    (2, 2, 2, 0): [(2, 2, 0), (2, 2, 2)]}
-------------------No intersection----------------- [(1, 2, 2, 3), (2, 2, 2, 0)]
a =  71.0
[[1, 2, 3, 2], [2, 2, 2, 1]]
deletion sphere
{   (1, 2, 3, 2): [(2, 3, 2), (1, 3, 2), (1, 2, 2), (1, 2, 3)],
    (2, 2, 2, 1): [(2, 2, 1), (2, 2, 2)]}
-------------------No intersection----------------- [(1, 2, 3, 2), (2, 2, 2, 1)]
a =  46.0
[[1, 3, 0, 2], [2, 0, 2, 2], [3, 3, 3, 0]]
deletion sphere
{   (1, 3, 0, 2): [(3, 0, 2), (1, 0, 2), (1, 3, 2), (1, 3, 0)],
    (2, 0, 2, 2): [(0, 2, 2), (2, 2, 2), (2, 0, 2)],
    (3, 3, 3, 0): [(3, 3, 0), (3, 3, 3)]}
-------------------No intersection----------------- [(1, 3, 0, 2), (2, 0, 2, 2), (3, 3, 3, 0)]
a =  79.0
[[1, 3, 2, 1], [2, 2, 1, 1], [3, 3, 3, 2]]
deletion sphere
{   (1, 3, 2, 1): [(3, 2, 1), (1, 2, 1), (1, 3, 1), (1, 3, 2)],
    (2, 2, 1, 1): [(2, 1, 1), (2, 2, 1)],
    (3, 3, 3, 2): [(3, 3, 2), (3, 3, 3)]}
-------------------No intersection----------------- [(1, 3, 2, 1), (2, 2, 1, 1), (3, 3, 3, 2)]
